"","y","X1","X2"
"1",1.14723205676664,1,0.262743744724565
"2",1.31480777083458,1,0.39341627606713
"3",1.03707474942235,1,1.30789265136993
"4",1.37376096673903,1,-0.23731496825807
"5",3.54148917172745,1,-0.346125076465856
"6",5.77531652101883,1,0.724831062388177
"7",-2.00947723692767,0,-0.401482409863713
"8",-3.42663400922584,1,-1.37361908433333
"9",5.97491927967635,0,0.638895459709951
"10",0.620985924566874,0,0.00396812503264091
"11",1.67708858835063,0,-0.67496838845016
"12",2.23767030763855,1,0.193619964150763
"13",5.32194250752629,1,0.177968482027581
"14",0.553941216603238,0,1.24762270863241
"15",5.15366202636774,0,0.489814371037108
"16",3.92538352903237,0,-0.420219335601805
"17",3.7348824043171,0,-0.692194069138238
"18",0.362061325463756,0,1.09329160378368
"19",-2.58681781974847,1,1.25518456865457
"20",0.476446574121277,1,0.564204924840082
"21",6.32868955864292,0,-1.31393986739745
"22",7.26660269154762,1,0.173787730458051
"23",4.05249214487129,1,-0.929701161594759
"24",-0.646751575355926,0,-0.782137725744456
"25",3.46851873461465,0,-1.66741098801441
"26",4.09512924732425,1,0.74048773349387
"27",1.48430129353128,0,-1.01300311903907
"28",1.88641146891685,0,0.780451647191235
"29",1.07975162264204,1,-0.589248358403564
"30",2.72220588721425,1,-1.1854968243606
"31",1.38768043493195,0,0.85191480838899
"32",-0.0991483098666137,1,0.967248766089041
"33",2.06895069771159,0,-0.887859965056857
"34",3.84071032918404,1,-0.303154469836555
"35",2.07941208387593,1,1.2702332282968
"36",6.93740891388094,0,1.35405118309638
"37",2.89761642644138,1,-1.1711881409259
"38",1.84717238093061,0,1.02868078946078
"39",-0.581051321711628,0,0.920419370184554
"40",5.1760670587077,0,0.0808973874045009
"41",0.555659557233147,1,0.0683539790903799
"42",2.6090228278862,1,0.737337395482196
"43",-0.111080735109969,1,0.600238791888756
"44",2.30563355830563,1,0.518477067367755
"45",4.91671571326723,0,0.70682970344468
"46",3.54120307463714,1,1.13674636224744
"47",2.80433033997274,1,0.566868850475622
"48",-0.774022336847872,0,1.3656989736817
"49",2.13115398454618,0,-0.278756450796662
"50",4.04092674741712,0,-0.963526322146892
"51",1.02763986977758,1,-0.618407834670569
"52",3.68615011318334,1,-1.71398247389509
"53",3.82140520173163,1,0.778309203480515
"54",3.1449919092517,0,0.0481287508718256
"55",1.4114890325127,0,-1.64771362390443
"56",0.517447651925568,0,-0.858599685615706
"57",-2.92920224908403,0,1.28029570983128
"58",3.10747370795134,0,-1.3120784824674
"59",0.497300562264443,0,1.06428188771911
"60",2.82081149991453,1,-0.022734798113835
"61",0.334610903217847,1,-1.51639893803273
"62",3.0042405906512,1,0.160523885174314
"63",5.16883199553714,0,0.568027169835041
"64",6.97417525612793,0,0.548243035735631
"65",2.76157793892263,0,-1.27092859814424
"66",3.46579559915967,0,-1.13435372099051
"67",3.69166411257537,1,-0.371437680203331
"68",0.439475282160366,1,-0.474229834319281
"69",5.82839855804136,1,0.588971770917224
"70",2.65101884591303,1,-0.154372881006187
"71",1.2906912428806,1,-0.399462673651256
"72",7.90877186697843,1,-0.885228516898619
"73",5.83735634830617,0,0.245562885751047
"74",5.57653241067331,1,0.0444951742601754
"75",-1.28706652584568,1,-1.09978136752195
"76",0.90393348347486,0,0.105450879041984
"77",1.01275480224829,0,-0.745713326328103
"78",1.29600315462575,1,2.05570061615836
"79",4.92319992130903,1,0.287482762615879
"80",2.03622292009527,1,1.81977176956514
"81",2.79460808709998,1,-2.05321736685466
"82",2.94997615268402,1,-0.82985157955851
"83",1.13905835402737,0,-0.111969764463168
"84",-0.190733017820676,0,0.635369232517837
"85",3.60001319248099,1,-0.796990434024075
"86",2.91756214876016,1,-0.0824306796170918
"87",5.91178989219539,1,1.38254404091121
"88",3.62252798331864,1,-0.544069787656837
"89",-2.07144186106181,1,-0.33224075791578
"90",5.98275030066979,1,-0.529927033215135
"91",0.97213681586271,0,0.627006126154652
"92",2.71902349125184,1,1.28125240831444
"93",-0.573324426376483,0,-0.368337207693819
"94",5.11100488449535,1,-0.111418119762294
"95",1.66726612258916,0,-0.234561669812347
"96",0.821803280286919,0,-0.957478501565526
"97",11.7772320127227,1,-0.258631602681006
"98",-1.41241160854426,0,0.0169802251008312
"99",5.59842073139347,0,1.37071139132729
"100",6.32158582019541,0,0.605315194454372
"101",7.95696575301015,1,-0.249766569878334
"102",1.99284165839027,1,0.574472541952533
"103",0.603134166376278,1,-3.59710391194746
"104",1.98960355222574,0,0.752491667901955
"105",6.10715708147378,1,0.710582823461724
"106",4.34818485804405,0,0.678380741279781
"107",-0.90722729721568,0,2.42747327709601
"108",1.53461955848835,0,-1.92526051988493
"109",4.43321526517999,1,0.665844476461095
"110",2.19600602738179,0,0.927951181851752
"111",-1.364995380344,0,-0.154336724393143
"112",2.20376353570273,0,-0.709491829976212
"113",-0.488557054175905,0,2.04434769395417
"114",2.95072178280829,0,1.00199150824844
"115",-2.07134589168921,1,0.236733241615056
"116",5.17158963843247,0,-1.36600253357988
"117",1.21019322954719,0,0.671055357153235
"118",2.9419689996707,0,-0.397176994322414
"119",0.515896341463008,1,0.502649788995393
"120",-0.663018579341643,0,0.458973864547265
"121",2.67346329154091,0,2.46527177380791
"122",-0.0939230317913662,0,-0.563320742084334
"123",5.68411644370725,1,0.985853966541566
"124",1.63436632922311,1,-1.03479435747166
"125",-1.0782009319697,0,-0.506161507099244
"126",2.3118000299673,1,0.686855051565584
"127",-0.561652893478549,0,-0.621446426482922
"128",0.385062976680319,0,-0.886162258219315
"129",0.876734891249005,0,1.07009779391997
"130",2.24780879162829,1,-1.24939785613524
"131",3.2078926856119,1,1.37316192363659
"132",-0.231022890947769,0,0.452060231270182
"133",0.814159044757721,1,-0.226413027916545
"134",1.02847138765095,0,1.13579117638017
"135",6.42293670705286,1,-2.59933694276767
"136",-2.32208255834207,0,-0.695679854374308
"137",0.0608620798347372,1,-0.524972048599391
"138",2.29420208668172,1,-1.43298261246036
"139",6.27002344028331,0,-0.19629796317627
"140",5.13651412014563,1,-0.197364254957894
"141",3.87100487251501,0,0.437270478870032
"142",-1.67216550651507,1,0.240184207897084
"143",6.52881984596222,1,1.73482830929463
"144",4.58121964285047,0,1.00783881682302
"145",1.47600114044219,1,-0.840800668709524
"146",1.02785276637877,0,-0.21778788100425
"147",5.75662704428395,1,-0.806885121626
"148",3.36492257867909,0,-0.425109014339234
"149",0.935548051743338,0,1.0643613122313
"150",2.71241395414244,0,-0.0955247240130253
"151",-0.219661416303536,0,-0.360679543450648
"152",-2.71889430240601,0,2.55388893623261
"153",2.82212573388348,0,0.874702052251963
"154",2.11296460227139,1,-0.399647291251838
"155",-1.59845013414372,1,1.28151944332537
"156",3.88006904057884,1,0.143696016998603
"157",0.0682094458372973,0,-0.184071994723993
"158",6.10207164928702,1,0.773536282322772
"159",0.310874379500451,1,1.20899594591358
"160",4.29901342983057,0,-1.44396465035388
"161",-1.45890909069151,1,1.70456572214009
"162",6.52018471145032,0,0.15109266539671
"163",4.49651979646,1,-0.386336151872401
"164",6.93510155449563,1,1.7006355561331
"165",-0.483278054195479,1,-0.447619380446986
"166",1.8603143374408,0,-0.802619055896987
"167",2.45129894192533,0,0.478169840979282
"168",5.02100321825649,1,-1.72679435664261
"169",4.06478848849134,1,0.794543822460154
"170",4.3809709303429,0,-1.09859809078815
"171",0.442273710392298,1,-0.112688080607981
"172",1.80823039777785,0,-0.123328898054481
"173",6.47504303206843,0,0.383079065132386
"174",0.95650382469062,0,1.43728026527007
"175",0.724052105076595,1,-0.827945773239289
"176",-1.10455597399126,0,-0.921464612800446
"177",-2.89561479298753,1,1.2756864802487
"178",4.15260695514668,0,-0.609020452807249
"179",2.52015013510451,0,0.567700692690902
"180",3.36328725762474,0,-0.067568694304901
"181",5.84671729907781,1,0.263102442684083
"182",4.75983479594708,0,-1.11875527774829
"183",3.10879239239603,1,-0.233364331361559
"184",-0.967655705551338,0,0.284440714036123
"185",-0.0940529613791545,0,0.550787303956081
"186",10.1682106558852,0,-1.99500421719143
"187",-1.19065124547817,1,0.0213886685178036
"188",6.6466884656735,0,-1.24065815309567
"189",2.57982283418326,0,-0.367147761687679
"190",7.0459221884954,0,-0.315910150212913
"191",1.368301593519,1,0.0125384445340454
"192",3.02507372330292,0,0.261414637623131
"193",1.57623512313501,1,-0.630428322706479
"194",4.60236318143416,0,-1.48922424233977
"195",5.52802241016659,1,-0.92030457967094
"196",3.85898951268922,0,0.418211735314202
"197",2.44392301439127,0,1.11720297369007
"198",5.00616849471655,0,-0.256624352100245
"199",0.428839660993101,1,-0.723933593884715
"200",6.28618898145622,1,0.132992539544599
"201",2.18692025096177,1,0.4559764429416
"202",6.90237650054025,0,-1.14668754607853
"203",2.84693771400577,1,-0.638927251451446
"204",3.86070319350612,1,0.142464327021358
"205",7.5261907901413,1,-1.35220413498374
"206",4.19667592909489,0,-0.82745605425476
"207",2.40564131813525,1,0.0394853514431875
"208",0.721852062285549,1,0.273559479762066
"209",2.32006091054676,1,-0.260044049627887
"210",5.38515507450605,1,-1.01050163569716
"211",3.0185280043756,0,0.464349572921419
"212",0.183849656163809,1,-1.17287054746544
"213",1.01596383653451,1,-0.948163023909868
"214",2.16820128352026,1,1.63144879969177
"215",2.73728734903752,1,-0.906406229844614
"216",1.87828709359872,1,1.35125871217277
"217",-3.13836822228902,0,1.1738649999978
"218",-0.665459821115077,1,-1.40851377907029
"219",3.68596968765723,0,0.247462193753935
"220",5.67395007041795,0,-1.30742609484626
"221",0.193291680620737,1,0.0789412067447078
"222",1.99790310526074,0,0.461255221194744
"223",-1.18453253355629,1,0.785763240951777
"224",8.82399287814059,1,0.00996303283412528
"225",2.94406365271617,1,-0.80030554124578
"226",6.71491500768433,1,0.658311700916585
"227",-3.35358393186863,0,0.392627959896708
"228",2.25491841295109,0,-0.229549159660879
"229",-0.436607446340678,0,1.5606551745872
"230",1.62810378065915,0,-0.768765162724959
"231",-3.12469454536384,0,1.74751694921479
"232",1.68048013733798,0,-0.579797141874287
"233",1.76626428502852,1,0.838998610833142
"234",0.206775673032977,0,0.939737555306029
"235",6.35555243303713,1,-1.39306727272946
"236",2.45099947392721,1,-0.42524768828983
"237",4.84602551977894,0,-0.527556921038192
"238",4.67389565112726,1,-1.45124203435056
"239",3.59422566618268,1,0.259286789117406
"240",2.72893044102076,1,0.357873411735537
"241",1.85258151815428,1,-0.436711867293694
"242",-0.322580002649959,1,1.99061122188366
"243",1.64853473189906,1,-2.36134230267247
"244",2.08258820262506,0,0.34307584934449
"245",1.33041497996399,1,1.77752147217907
"246",5.69356626941498,1,-1.11217090890948
"247",0.947544833975917,1,-0.315248953683184
"248",6.11420329204759,0,-1.94044652751608
"249",2.6615419034226,1,0.0661768540935441
"250",5.49948572844782,1,1.07468053364999
"251",1.09031878766828,0,0.433425561133628
"252",2.41504512461493,1,1.75300440187819
"253",1.04464224473912,0,-0.153075922116139
"254",1.13594159056852,1,-1.08204608049806
"255",0.641074518439005,0,-0.616556844438073
"256",4.65084578260778,1,0.197640506896992
"257",1.9050543371565,1,0.249302479701979
"258",2.31813077712766,0,-0.657164791329973
"259",5.32920117329688,1,-0.654614637090659
"260",1.17856524595755,0,1.54066724314197
"261",9.13627493546919,0,-2.11782334576927
"262",3.66142444046586,0,1.21327533137273
"263",2.27656543571305,1,1.18934551194889
"264",4.11652974764217,1,1.28963526247471
"265",4.92713617481695,0,0.71385540655746
"266",5.56911337313125,1,-2.17741893773096
"267",3.52692182561584,1,-0.708704134104791
"268",0.493807459730484,0,-0.969202170251174
"269",5.96940384880395,1,-0.560387015966835
"270",3.35978920314407,1,1.78078249546523
"271",0.895221902595249,0,-0.463928504918585
"272",6.16296174399779,1,-1.70519866335842
"273",1.59573443338671,0,0.913893796119729
"274",5.43336450948295,1,-2.23920795393811
"275",-0.117193231055934,0,-0.833030341875934
"276",9.96133177198195,1,-0.711704149344051
"277",0.465418866561335,0,-0.241475805877154
"278",5.0872725865459,1,-0.0589509940147377
"279",-0.609805353236093,0,1.88145506970603
"280",2.98695147542358,0,-1.691607803715
"281",8.63126331677143,1,-1.45637574521976
"282",4.09165321662966,0,1.00702763405658
"283",-2.4423710838333,1,1.25866825478598
"284",0.155756470246165,1,0.271908131300009
"285",2.46097390093583,1,-0.632830110574483
"286",5.89353092559372,0,0.363236134377622
"287",4.33640412208164,1,-1.01092719068096
"288",4.11669241558834,0,0.709293300302977
"289",0.929906736183657,1,0.265092917417926
"290",5.3820956372596,0,0.964131471445268
"291",6.92850897792443,1,-0.65284910402504
"292",5.4945215180788,0,-0.946919981733389
"293",1.11702775249404,0,-0.302566767056216
"294",3.15426777345097,1,-0.0921837114977496
"295",2.84128579442188,1,0.0366619661083063
"296",0.265963987500279,0,0.855724019481277
"297",4.44479655624834,0,-0.306199790458985
"298",4.35850059813105,1,-1.01184860858502
"299",2.19227008958915,0,0.331970315984674
"300",3.32125186178471,1,-1.14908014801026
"301",0.961434745541955,0,0.68661292210371
"302",-1.69550596135333,1,1.01641719317399
"303",6.14226642890098,1,-1.1684036640345
"304",2.24661691208228,0,0.130488016584475
"305",6.16167370496368,1,0.499820809395782
"306",2.41591184081102,0,0.836004098469353
"307",5.06680363557733,1,0.882092422500492
"308",2.79019840030819,0,-0.923788679428656
"309",0.283245823942953,0,0.362713947128329
"310",3.01234262898215,0,-0.986376212035772
"311",1.67605425571454,1,-0.28902381655429
"312",-0.967730955377856,1,1.7169847134227
"313",-1.39835652739573,0,-0.604825003087867
"314",-3.27998555300182,1,-0.887997588658485
"315",2.59849873366243,0,2.18976117970296
"316",-0.341822373665639,0,0.616147891844099
"317",6.91735557124175,1,-0.0708852582792993
"318",2.55022655756012,0,0.187712877292678
"319",3.75674902409237,0,-0.279178877778102
"320",0.0911247907372088,1,0.801337055996635
"321",0.184236915749735,1,-0.184017676992305
"322",2.98164121441418,1,-0.500316578136691
"323",2.21830034720184,1,-0.23292582389223
"324",2.40194606994088,0,1.1301978916945
"325",0.983889663665971,0,-0.411551252208683
"326",3.190998457808,1,1.44958851179276
"327",3.89746043380075,0,-0.615619484555277
"328",0.0490376022042422,1,-0.360117129979004
"329",1.22945303664603,0,-1.39692938743283
"330",0.352684734144726,0,-0.301968788898116
"331",-2.67298230117321,1,-1.02357920223666
"332",-1.71057479341327,1,1.49001868986813
"333",-3.5055572240653,1,1.45114327508297
"334",5.97214882620905,1,-1.1120254040044
"335",-0.778268692064366,0,-2.15400433360239
"336",4.32335967361386,0,0.594907350364427
"337",0.658626081102854,0,0.125912331719811
"338",1.22179260650995,0,-1.04532992124791
"339",2.89906829800977,1,0.703605861490044
"340",1.665097523227,0,1.15832719373028
"341",1.33264588686071,1,-0.991926505174509
"342",2.3496498549124,0,-0.636717166496151
"343",2.26898393230912,1,0.581674060534104
"344",-0.815231309318148,0,0.498512357147702
"345",1.57616245768833,1,-1.29186074563865
"346",-0.376107711999453,1,1.75402931537019
"347",4.74342175119268,1,-1.98371189947407
"348",5.3057772212263,0,-1.05337028933646
"349",2.52693206845297,1,0.366732547639507
"350",-1.04371479913586,0,-0.589422116915334
"351",-3.07878826394726,0,1.01971837452565
"352",2.79521438420764,1,-1.28813905216124
"353",2.46994843993281,0,0.79648800813793
"354",4.80105439745017,1,0.066149444379854
"355",-2.71851094283145,1,-0.364504235578304
"356",0.60841082250732,0,-0.0119134967810546
"357",1.07604950835676,0,-0.719727748530521
"358",3.39239927182749,1,1.34593611813331
"359",4.25596714563343,1,-0.398459506049613
"360",5.37609997610352,1,0.464172458742531
"361",4.02202370418402,0,-1.58764038608657
"362",-1.37922480783099,1,0.554777065573701
"363",4.29928825327864,1,0.161092232170948
"364",2.91562850979956,1,-0.0866463198448898
"365",4.09586557923779,0,-0.757580101048538
"366",2.33518479347566,0,-0.938208597759285
"367",1.02215977909498,1,0.693590238440958
"368",-2.13453629793812,0,0.0149841595519022
"369",-1.62148033674051,1,1.80677775562099
"370",1.63520551784607,1,-0.791618925510574
"371",1.25673052822971,1,1.34605917852609
"372",5.61720272261112,0,0.289152891152088
"373",-1.5648945375125,1,0.895315131797759
"374",4.89016770072101,1,-1.51946661760091
"375",4.15347194930028,1,0.447917424113663
"376",3.4261251876453,0,-1.05087532167105
"377",2.91582653343768,0,0.231461814922542
"378",3.01388747407247,1,0.36661618121938
"379",1.68076048118541,1,0.0581794158527
"380",2.90198697647711,1,0.745690250570838
"381",6.20965545536647,0,-0.321905107519683
"382",-0.977442277878627,0,0.532372013352732
"383",2.33768833878838,0,0.789830270486658
"384",2.6432317274708,0,0.72290309319496
"385",0.0380114267655358,1,1.17046828827319
"386",-3.50313213774483,0,2.02793072947011
"387",-1.77617877136149,1,-0.557478394333839
"388",3.28782193837299,0,-0.732282305655734
"389",-1.87709210858691,1,0.480262118989627
"390",-1.05132430328016,0,0.872305792084423
"391",6.99368040588485,0,-0.989503338553552
"392",1.05740285151649,1,0.335795907100563
"393",1.52887292676403,0,0.598070984350324
"394",2.30329081741399,1,1.674561175956
"395",0.5488491700545,1,0.461297478265204
"396",-0.477908994442731,0,-0.0821371126073349
"397",1.003804081941,0,-1.59182820527312
"398",1.48248662999382,0,-0.843280799616508
"399",-2.20812482431578,0,0.25376207485783
"400",2.18383153867598,1,0.138178447430818
"401",5.84890613827727,0,-0.407648834689907
"402",-0.536967316974021,1,-0.977331577887755
"403",1.46056907840741,1,1.22401890992651
"404",4.07047412337323,0,-0.52325074643512
"405",1.29221958911637,0,-1.1763793300816
"406",1.96029152438131,0,-0.736417272514747
"407",-1.44866860565915,1,0.410979263089772
"408",1.4832201573433,1,-0.208284950732986
"409",0.226398855912669,1,-0.333544956905713
"410",3.93163755435745,0,-0.0103976379422297
"411",3.065923473277,0,-0.313326945761817
"412",-0.263188134165192,0,-1.55023592049618
"413",1.9005088253256,1,1.26228402064324
"414",1.61640709945466,0,0.531112825266533
"415",-2.25224258479073,0,-0.508363665664982
"416",-0.250574564074951,1,0.986317751271638
"417",5.62307501972716,1,-0.458063646708185
"418",1.64038629091743,0,-0.436006681467013
"419",5.44945672149794,0,-0.28156847115362
"420",2.3624891129928,1,0.913795074596235
"421",3.28875831580585,0,-0.516905798166138
"422",3.37902843922673,0,1.25021904335709
"423",0.566872388268684,0,0.42519319955987
"424",0.684995007602349,0,-0.410191687172338
"425",0.97560742769666,1,-0.0186186180378636
"426",-0.116494107279763,0,0.658877918387673
"427",2.93953153635798,0,1.44562812320216
"428",-1.78125827648169,0,1.05011659597285
"429",4.61799271984963,1,-0.491743132289002
"430",2.72357153099886,1,0.0407242420380449
"431",-0.231940612491542,1,0.833149864921949
"432",-0.947514431402083,1,2.05086285124591
"433",5.68557807400669,1,0.107636282114122
"434",4.67497131616319,0,-0.713484299430493
"435",1.46171365598169,0,-2.16518836218527
"436",3.11407585421193,0,-0.907123352366133
"437",3.90590052725548,1,-0.932327085236645
"438",-2.68446201106639,0,1.61134528708641
"439",4.91904269351465,0,-1.73074963227842
"440",5.68431489611726,1,0.68289453810752
"441",2.47202928895544,1,-0.220628459512931
"442",4.90779051920281,1,0.753799189881361
"443",2.3470217213712,1,-0.688570841143054
"444",4.43803627077004,1,2.27348106469271
"445",2.83473063457689,0,0.970725055785064
"446",5.47318088586234,1,-1.86227242166903
"447",3.12130743914021,1,0.68612300212501
"448",4.92033148691395,1,-2.38584031655418
"449",2.50237253922653,1,-1.56220173604188
"450",3.4186017009441,0,-2.03796382908488
"451",-0.642818741549092,0,-1.00946893596134
"452",9.19289519169163,1,-0.953763955734388
"453",2.0663714576311,0,-1.07180168013078
"454",0.0240686701397297,0,0.0408964886164814
"455",0.628765206582188,0,0.466888772880593
"456",3.33893292677938,1,-2.96665206915306
"457",2.68928361288703,1,-0.309560596584003
"458",4.49886305462527,0,0.163401578422696
"459",2.44181201288054,0,1.31413712974843
"460",3.87619948023695,0,0.383647076766275
"461",1.80406027306881,0,-0.0939806382780432
"462",0.624350304779812,1,-0.659186963401075
"463",-0.433578930641729,0,-0.328385884555006
"464",1.82910916964323,0,1.52550001821909
"465",3.74663857051233,0,1.09981486476313
"466",6.65137730977416,1,-0.993356483121487
"467",1.42888673071431,1,0.253701541002879
"468",5.67457489131293,1,0.231036930319127
"469",0.549655501092882,1,1.55557809273729
"470",3.18403397688229,0,-1.06379238815925
"471",0.344143928286903,1,-2.33763570094354
"472",5.31013574171042,0,-0.988355666544899
"473",4.27794499937888,1,-0.691879012099061
"474",2.66320899427501,1,1.04590607033597
"475",3.73111302230048,1,0.720456195880828
"476",1.32716911313414,0,0.508436253132896
"477",-2.84685999464474,1,-2.54970389586941
"478",3.53955701971566,0,-0.625790693451083
"479",1.16749528080096,0,0.654047517389404
"480",4.81621918121608,0,-0.275809974307508
"481",2.47695806159255,1,-1.88439610992686
"482",-1.56239453623128,1,-0.541622748387452
"483",-1.51443847065531,0,-0.426294977043721
"484",-2.14044012199389,0,-1.05380617486087
"485",-1.75797930044812,0,-0.340509660935187
"486",2.52440290888537,1,1.05033378054856
"487",-2.48017542770518,0,1.27053151674478
"488",-0.673142459402867,0,-1.2485642937252
"489",4.21025825346448,1,0.301348194933329
"490",3.85040968727068,0,-0.0612026472248253
"491",6.91701433438356,1,-1.69076672712687
"492",0.439212765487916,0,0.183984501262221
"493",2.52805972323158,1,0.471025896376523
"494",1.78883326609518,1,-0.771705188713255
"495",6.70915398679734,1,0.84468998890982
"496",-0.297893623045506,1,1.01330498891067
"497",0.110984631625511,0,-0.205374923252789
"498",-2.26683178777168,0,-1.79961406922811
"499",3.38482476814238,0,-0.376543475003687
"500",-2.16213577611438,0,-0.164823240557852
"501",4.32196429585924,1,-0.612814309899742
"502",1.72089209424772,1,-0.304382115920515
"503",3.16664363220884,0,-0.971282246754488
"504",-0.490712142356054,1,-0.466646849822154
"505",7.58694665428823,0,0.690276118209279
"506",4.07804565380485,0,-0.0888413893103696
"507",1.17490499022653,0,0.137389530287139
"508",3.64615770824592,1,1.15624595221464
"509",3.03705383587608,1,-1.74877921981909
"510",-0.473028170254796,0,1.08816682040581
"511",7.48083083322286,1,-0.402767767440814
"512",0.278888745146632,1,-1.23532683196963
"513",-1.28351565852534,1,0.73181663732427
"514",1.3097678795309,1,0.578676299914617
"515",-5.36297817391246,0,1.26892917387764
"516",6.97491191923402,0,0.222029579419596
"517",5.27286471142019,1,-1.34914053203516
"518",2.37407263719644,0,-1.03810063213543
"519",2.37379372663009,1,1.25554371997521
"520",-0.465846590346181,0,0.279000552609831
"521",2.12875114465411,1,-0.896537005765775
"522",1.9868651621685,0,0.723287012022448
"523",-0.686351530355444,0,0.727160313664725
"524",6.1454463272592,1,-1.77676616293492
"525",-0.560221215301083,0,-1.40460815871444
"526",6.65791865129559,1,-0.81740391119983
"527",2.64580745739482,0,-0.031999501104247
"528",2.86252027627864,0,0.667108598133281
"529",3.68723097625378,0,1.1957922581478
"530",5.86407855069183,1,1.66023441982025
"531",3.07200891123075,0,0.588565026153942
"532",5.1831827563933,0,-1.25974116321325
"533",5.85434897389333,1,1.24629914202047
"534",4.25660886667975,1,0.363873533298738
"535",0.673672437859518,0,0.836074536957513
"536",4.25859809676528,0,-0.0453019891699856
"537",-1.00934016590646,0,1.98692896650382
"538",3.16885957383558,1,0.326272898819993
"539",0.0438987326311746,0,1.48246120851677
"540",1.83966677165162,0,-0.444358224832005
"541",1.717762558549,0,-0.190484493130033
"542",4.43374384737108,0,-0.283280664171412
"543",0.877447467406432,1,-2.65591885559986
"544",1.61482242621285,1,0.0210746016086545
"545",2.95620878383008,0,0.549217068805819
"546",0.454070741054554,1,1.6705417420567
"547",0.165397872924424,1,1.03562421116927
"548",6.00139074178789,1,-1.05761924293822
"549",1.8356015052607,0,0.317686479291048
"550",-0.971730187467112,1,1.02322382486519
"551",2.56402226062558,1,-0.416229910835795
"552",3.96944687407242,1,0.277441695372361
"553",5.85672707474934,1,-0.369534329268039
"554",5.51235401295067,1,1.58658621907693
"555",3.04032091413287,0,-0.570769664841168
"556",3.29543690300809,1,2.08395717629957
"557",6.61403651501641,0,-1.06709800072707
"558",2.04544385261896,1,-0.691304333072196
"559",-0.834619670265221,0,1.32460519639588
"560",3.05076656712532,1,0.302349249069809
"561",0.356073299032402,0,-1.26129223098739
"562",5.62723260666274,0,-0.102304677369899
"563",3.29068544616949,0,0.0254392221174711
"564",1.84855625500941,0,1.60345131346068
"565",-3.04027598946457,0,-0.513051813570051
"566",5.59786407150627,1,0.279242499603388
"567",3.83867250111475,0,-1.54276304869615
"568",0.758386677294663,1,0.409280489666758
"569",2.10530436503619,0,2.01702486001691
"570",4.40978227701716,1,-2.37439241115316
"571",2.04930766144363,1,0.272768212587993
"572",-1.21866502893376,0,1.0087222901693
"573",0.73582641838335,0,0.688363933733071
"574",1.61780470413877,0,0.947893719004883
"575",2.54993115084492,0,1.36593800806782
"576",3.59492252498614,0,-2.15354533769551
"577",-1.59834698471292,1,0.904512177901027
"578",0.448495796782381,0,-0.715171171539441
"579",3.06480641465696,0,-0.9288680590416
"580",4.07197086464146,0,-0.18621903051533
"581",3.72425635190035,1,-1.26558815470171
"582",3.05792627570695,0,-1.64959835101255
"583",2.28207193829144,1,0.41442712478476
"584",5.05567775683956,0,-1.61941819330584
"585",5.64974373404897,0,-0.832284528397107
"586",6.8463333408399,0,0.658078616579771
"587",4.37489338849462,0,-1.35381227629859
"588",-1.8951026966714,0,-0.70803354874318
"589",2.21026387942423,0,-0.550455840983819
"590",5.29405090516956,1,-0.636374587728648
"591",-0.0384422319128697,0,-0.164257218073786
"592",2.89313038410701,0,-0.137300488928767
"593",4.31773955173206,0,-0.427453822728364
"594",-2.18380642758557,1,0.075654759254732
"595",1.94579439053828,1,-0.916478780542778
"596",0.751811314169351,1,0.472197626921468
"597",-1.32367140155781,0,-1.18610167363231
"598",-3.47423098013691,0,-1.10096883405655
"599",4.93986449762938,0,-1.48039341698982
"600",4.32190237702681,1,2.13698498335557
"601",-3.14738472139264,0,0.227028885931142
"602",1.71364250245599,1,2.61524781697691
"603",5.00846115584902,1,-0.898095996460827
"604",0.0824067609513459,0,0.748409473143262
"605",-1.0181534708337,0,0.485366199890224
"606",1.0879506070688,0,-1.67145349032719
"607",3.16568273371545,0,-0.34014732971322
"608",3.98149532996744,0,1.00285367605653
"609",3.92311291897234,0,-0.175906793231006
"610",4.11321154399833,0,0.431653144103626
"611",4.10210818502096,1,1.20343835229232
"612",1.87825629840347,1,-0.859449808857659
"613",3.65499840131199,0,1.53043029319101
"614",3.57638920041533,0,-0.809175798922696
"615",1.96317497907565,1,-0.558847741109895
"616",-1.04533670536383,1,0.377382735861198
"617",2.56587549478013,1,-0.649466606312793
"618",1.86387390212018,0,0.671423344672927
"619",-0.376895847169218,1,0.963043060536187
"620",0.755865293173468,1,1.61898785803629
"621",4.26958050689681,0,2.7378333960336
"622",3.64339313371764,0,1.06328972849366
"623",0.732748685903929,1,1.31360055786751
"624",1.16361928362594,0,0.059479504933655
"625",1.57092430405028,1,-1.16963978791601
"626",3.56956639532751,0,1.25462436690651
"627",2.91872139087327,0,0.446655226938913
"628",3.61196646747503,1,0.0291595186796981
"629",1.82626323281007,0,-0.486278385028987
"630",0.833543013285879,1,-0.461893605465182
"631",1.93394168855742,1,-1.40893741124718
"632",10.2125805269232,1,-2.05296407564509
"633",3.58176106213809,1,-0.850615502704441
"634",4.41319701239578,1,-0.787027713921074
"635",2.09363322587081,0,-0.00231030693260328
"636",3.57013107830156,0,0.649143332182947
"637",3.45348290625488,0,-0.448210240979578
"638",3.3234433268677,0,-0.698593257758166
"639",0.277981779634621,1,0.190913600501805
"640",1.80120981419638,1,0.308431039940728
"641",2.17628410653782,0,0.322701196027052
"642",2.81586418326523,0,-0.592299314392562
"643",0.360967016825628,0,0.24739499067327
"644",5.46532561738621,0,-0.923082774403217
"645",4.55429548512993,0,-1.15911410157813
"646",3.8812403801183,1,-1.17269757136178
"647",2.67923456783616,0,-0.152034869521541
"648",0.803262789499744,0,-0.018475786295243
"649",5.92781209903453,1,1.39573964603092
"650",1.71844936725571,1,-1.26209349972579
"651",1.53270367343296,0,2.21897563234752
"652",-3.84430958805887,1,0.651074700723182
"653",0.0566093597493973,1,-0.46516792891837
"654",1.5322535832975,0,-0.784758355530219
"655",3.68392176913019,1,0.52163070161055
"656",5.29436224372441,1,-0.933164588220713
"657",1.90374832187707,0,-2.44437216497705
"658",3.31241275390809,1,-1.75486223144894
"659",1.55185544532079,1,0.0117930336957757
"660",2.18838379674543,0,0.59458033372286
"661",3.11399679617109,0,1.68164497055657
"662",5.69212042011439,0,0.528464385201322
"663",1.38286912408661,1,0.93722566274943
"664",6.52452833755281,0,-1.47313939746404
"665",3.92311606647855,0,-0.0617347146710265
"666",0.705557911274348,1,-2.35439956298997
"667",-0.573723107154481,1,1.38008463462527
"668",1.80858678487991,1,-0.535854390106661
"669",-0.375212675787498,0,0.390938176906132
"670",3.42728637223825,0,0.90506064042275
"671",5.47452356732257,0,-0.049134087228043
"672",2.61207345228433,1,0.365287892637227
"673",2.21385732175694,1,1.16523380477969
"674",-0.958711338522235,1,0.14869045325819
"675",4.32649113632069,0,1.08792081316931
"676",1.08255664091961,0,-0.48096737753423
"677",0.724316725909654,0,1.21347897416468
"678",3.14157878372076,1,-1.27178920060281
"679",3.22389630515092,1,2.1153841586747
"680",5.8005146188096,1,-0.293827260722027
"681",2.97396291736019,0,-0.227475036372206
"682",2.49870569310489,0,-1.76643760991935
"683",1.92643746724387,0,-1.85533372692186
"684",1.5344080426758,0,-0.845462179214513
"685",-1.96037216044061,0,-0.341767648698088
"686",2.83596130663816,0,0.909686139246797
"687",-1.58449622818609,0,-1.19233372758518
"688",-0.493781924418607,1,1.27596979066102
"689",2.6686207422303,1,-0.393640560408873
"690",0.478783318731169,0,0.23186865025569
"691",5.65088764650889,0,-0.0942453724416377
"692",6.57774675371393,0,-1.69155573563224
"693",3.45310550933033,1,-0.176288749073692
"694",1.37409190713456,1,-0.340011226065455
"695",7.61180867180905,1,-2.28430984541288
"696",-2.17977455170116,1,2.04085190288726
"697",-0.69203089621596,1,0.828602079747085
"698",-0.987369188692976,0,0.978813160797134
"699",4.92842197077145,1,0.252188793503156
"700",5.22279409616921,1,1.08519953560004
"701",3.06501377521132,1,-1.43118672884702
"702",3.09771786960562,1,-1.20203888540562
"703",3.55870114513033,1,-0.639772120258858
"704",-1.18412322007229,1,0.879022804443316
"705",5.88507364271444,0,0.0314467833146569
"706",1.82062804378172,0,-1.34486990695094
"707",-0.633924667709781,0,-0.363550215933427
"708",3.53801817966689,0,-1.68713922820833
"709",3.57140510196248,0,0.35112005276655
"710",0.822996724687951,0,0.364682940743482
"711",2.35036985385064,0,-0.627742416421479
"712",2.24659141898244,1,0.953670315014289
"713",2.91927821248716,0,-0.411722266221507
"714",4.38206939591547,1,-0.834029524811387
"715",4.37497423460206,1,0.187797023974812
"716",2.23890339169081,0,0.129559144949007
"717",4.70994764390846,0,-1.01321966794009
"718",4.83199138273771,1,-0.330277206857647
"719",6.67961949845527,0,-0.389925360038474
"720",6.27518805378132,0,-0.388137884180405
"721",1.6043362929528,0,-0.718745144679962
"722",3.26948879453793,1,0.739037832881671
"723",-0.0499297092605522,1,-0.624726543815867
"724",-2.25658415130682,0,-0.385666402053043
"725",3.28759338810582,1,0.730164056247314
"726",0.764792372383874,0,1.15917857289655
"727",3.0291818344586,0,0.672564286766483
"728",0.0557590614730197,0,-0.333637421403536
"729",3.2492505499297,0,0.743798296331164
"730",3.39671222066482,1,0.347263544020828
"731",4.66458593807574,1,1.78686454192174
"732",2.60939442813935,0,-0.605398637261728
"733",1.18873419738264,1,0.280256433374458
"734",-3.19306263241496,0,-1.23490021408445
"735",2.2559597479587,0,-0.297221294611238
"736",1.7979678032274,0,0.571994393573368
"737",4.48522307822067,0,-0.0135794352580987
"738",3.99685508900532,0,0.384685015831833
"739",-3.48675100081864,0,-0.318698004820161
"740",5.91367370047769,1,-0.446171136218562
"741",0.790991708299345,0,0.0789750802208377
"742",3.82357914131699,0,-1.5350818016658
"743",2.11711752730393,1,-0.664810839861648
"744",3.05815962066323,0,1.36177800796596
"745",6.52685216721538,1,0.746133092544484
"746",1.50422258260603,0,0.19207091162326
"747",-0.564647418292122,1,-0.519391749022099
"748",7.43830133057683,1,-0.594532020870837
"749",6.79199648354488,1,-0.316924426010141
"750",5.81245890539562,1,-0.585280404623804
"751",1.43951545809361,0,-0.50710219713266
"752",8.79011164809813,0,-1.63569283101951
"753",-0.224266169222569,0,-0.152799872604698
"754",1.07048907129882,0,-2.30448616637919
"755",1.18304422193488,1,0.598984835160636
"756",1.0533470392317,1,-0.162355828094105
"757",6.42296627954241,0,-0.368661800799353
"758",4.42195798047656,1,-1.44327341698853
"759",5.73234965924753,1,-2.28736483936231
"760",9.06022453657363,0,-1.72320927814815
"761",10.0534136845911,1,-1.1162703062617
"762",3.36225311658255,1,-0.0160152399667803
"763",3.81312923730408,0,-1.1934495158128
"764",1.54213440206944,0,0.0521748669811239
"765",2.87506867063503,1,-1.48170471256132
"766",5.57119960217264,1,1.32559623883949
"767",0.259136205906645,0,-0.284407015713744
"768",1.02766340405367,0,-0.556409974049925
"769",4.87962149716656,1,0.602172318070008
"770",0.677244513990092,0,0.17809856411584
"771",-3.8746027944994,1,0.408570529146523
"772",-0.290809191233405,1,0.37857434691756
"773",0.922226971451009,1,-0.459722440613881
"774",2.27900399091616,1,-1.67083399353462
"775",2.93197869133809,1,2.28961552230449
"776",1.18790313193254,0,-0.0875899257497418
"777",-0.028795529744257,0,0.19054000973034
"778",-1.15352366810027,1,0.240100778088841
"779",1.97052765333625,1,0.874458908472413
"780",3.25045616871477,1,0.392475554313212
"781",3.30312207818012,0,0.929308526184827
"782",0.54731161377996,0,0.289180352277103
"783",0.257366414167125,1,0.529650724115237
"784",3.81968280911051,1,0.0344384891890348
"785",-1.53543809434479,1,1.62634045852898
"786",2.52091712566441,1,-0.173188151069118
"787",-2.62854218610736,0,1.91091263403333
"788",6.58282254700817,0,-0.540047181143004
"789",2.3810769880889,1,0.586329661543727
"790",2.49649165051405,0,-0.612355371642809
"791",1.22772664947117,1,0.441150782637032
"792",0.677579921014804,0,0.478524096452276
"793",-1.23422761898657,1,0.924200343998118
"794",1.99296146453361,0,-0.703957122022787
"795",3.17031419352248,1,-1.23030698042805
"796",7.05442298196686,0,1.03434891126667
"797",3.41985552525398,0,-1.82416917177428
"798",2.87764840717839,0,-0.475851196852033
"799",0.280117246971293,0,-1.52005166825686
"800",3.96305034411548,0,-0.155844969395568
"801",1.67777475320504,0,1.06729776174403
"802",4.65336306680979,0,-1.00991129098016
"803",-2.04987849146737,0,-0.346465663098238
"804",3.76009192485877,0,-0.192524451619647
"805",1.5513257146179,1,0.0745894335423434
"806",2.05117096752454,0,0.451704142229719
"807",1.09116138994172,1,-0.125970576636877
"808",2.10635592389262,0,0.546062427762968
"809",5.95644072811043,1,0.219021197388821
"810",-1.58207947203707,0,-0.299688550307572
"811",0.758120667399399,0,-0.0272345872480539
"812",2.30984782752259,0,-0.311093987267642
"813",0.268955955576425,0,-2.15237448368065
"814",1.55961567395293,0,0.664998640820521
"815",3.07600089923038,1,0.72869397284329
"816",-0.146426143985599,0,0.984740888729878
"817",1.3206058683706,1,0.496307088535355
"818",2.15062143754846,1,0.0453953243676502
"819",1.58692172792515,0,-0.557370221915425
"820",4.34004781550564,1,-0.179950141685399
"821",0.122989484591056,1,-0.932098360879539
"822",0.0678080542001047,0,-1.33740352232781
"823",4.62429054384777,0,0.96089560373248
"824",4.56541541729766,1,-1.42356345103601
"825",2.36674786335568,1,-0.417272606074221
"826",4.29223425704001,1,-0.916878575815764
"827",0.9251099584396,1,0.54946405808335
"828",-3.79084303658875,0,-0.329809757636945
"829",6.17400500189196,0,-0.5910227044751
"830",3.86982506291277,0,-0.0126015298785068
"831",0.221096488548266,1,-0.85699517625838
"832",3.20376179642145,1,1.11148567420906
"833",5.30777405790406,1,-1.26683014256616
"834",3.87868199143318,1,0.597721025818639
"835",-0.202525944735746,1,1.95858169983731
"836",-1.44608528908404,1,-1.13067570981175
"837",3.00146104226622,0,0.837159805250876
"838",8.3041943082473,1,2.57204073358202
"839",-4.94308955542436,0,-0.402730314146236
"840",3.53326802506409,1,0.986314883122078
"841",-1.61246754811971,0,-1.490145539528
"842",0.330194507338675,0,1.29683208869375
"843",2.98549907672512,0,-0.883472772438122
"844",2.82779094123352,0,-0.974353605928438
"845",0.0704400174232696,0,-0.603584904454497
"846",1.35096874499507,1,0.749287168984158
"847",2.37347619928733,0,-0.620017849160121
"848",3.657467653037,1,-1.07416308547602
"849",3.47855344468934,1,-0.614208686331843
"850",4.73840978438564,0,-0.78161862497143
"851",2.56267049943306,1,1.387727846816
"852",-3.02331163135216,0,0.846888088459484
"853",2.41742799746806,1,-0.716468807522454
"854",0.596489580511772,1,-0.112698681543973
"855",0.607186133419936,1,-2.59362385479117
"856",5.59124320987329,0,-0.292225720278294
"857",-2.07999740265789,1,-0.0610932972561614
"858",3.46815562789223,1,0.533323649072544
"859",-0.332032533599828,0,-1.59239843828905
"860",-3.14271798439868,1,1.66270334707573
"861",7.31607885622716,0,0.404930559827056
"862",3.01513206853166,1,-1.31149874197121
"863",-3.24494316012608,1,0.835343109216778
"864",3.97664362040406,1,-0.340511632407214
"865",0.501477596392158,0,-0.937538807164145
"866",-0.410959213257486,0,-0.872122386008052
"867",1.04980615766069,1,-0.398874911609212
"868",3.9464012247008,1,-1.74961048761137
"869",2.21392608980126,1,0.291540308657528
"870",6.08308369684079,0,0.384194599107736
"871",4.5496302554029,1,-0.506792517347755
"872",1.78298433903886,0,0.416027789532528
"873",1.83877973032789,1,-0.960811170383365
"874",5.82253081249266,1,-0.507799578246871
"875",2.46782798177164,0,-1.23941790987281
"876",5.84854886027111,1,0.941083299450953
"877",0.680391564897378,1,-2.15921803980956
"878",6.14980881186849,0,0.456920419826712
"879",2.23494309502868,1,0.702583317902984
"880",-3.19426516437946,1,1.56835077218849
"881",3.13830907966349,0,-2.3811847665407
"882",3.43381242728919,0,-0.965646111730213
"883",1.23482265182661,1,1.29585410581951
"884",1.04005800822344,1,-0.141543338104389
"885",2.1443269868759,1,-0.789112893119539
"886",3.93206287175957,0,0.0868476392747774
"887",4.50486044760658,0,-0.400709598670224
"888",4.51393822643646,1,-0.411164928722252
"889",6.01842277459222,0,0.308224979454936
"890",4.72530586186119,1,0.51850324701215
"891",3.43968198192832,1,0.257805536062976
"892",-0.466936279566104,1,0.747341526805405
"893",3.81585221440856,0,-0.710813078030977
"894",1.97486464024928,1,0.0871706877238016
"895",4.34605133122402,0,-1.12099554265757
"896",9.15489934522389,1,0.113538461714174
"897",4.81155233578116,0,-1.60933646078274
"898",5.61950402954606,0,-0.610533037421187
"899",2.98063760967263,1,-0.310880937671767
"900",0.434030629714661,1,2.17202797764867
"901",2.88811296030229,1,-0.821245196544614
"902",-0.314877593330092,1,-1.03507576290248
"903",1.14858204131059,0,1.35465974945598
"904",1.21995602914404,1,0.667489686517997
"905",-0.0228615142928528,0,0.109720951494109
"906",0.498273679439824,1,0.00323227553597458
"907",-1.5997127523222,0,0.31195037342672
"908",2.3444261926724,1,0.302777737903899
"909",5.71785794601384,1,1.20714158647943
"910",1.28851530113862,0,0.674738867909647
"911",3.21219383305375,1,1.83054000583675
"912",8.13165504007711,1,0.0549985408604651
"913",1.10032624545683,0,-0.826281867645308
"914",3.29783958448343,1,-0.606489714158984
"915",8.06827000332447,0,-3.17773034558024
"916",1.42174545283547,0,0.637662329988486
"917",2.91139951481186,1,-1.15531701743833
"918",3.84555015790526,1,-0.379078607877196
"919",-1.78833083097645,1,-0.784329895134827
"920",-2.10041843841972,1,-1.01035040877482
"921",4.04136896471499,0,0.0195909109258117
"922",5.72642585939262,1,0.240911134499733
"923",1.67592531011048,0,0.247911026851077
"924",0.819217379897237,1,-0.00287113107422084
"925",3.97170986103178,1,0.435202743251777
"926",-1.94615356381418,0,1.19500156755576
"927",0.546719323956952,0,0.12152621100069
"928",-0.172071253172658,1,-0.587854593977687
"929",0.906458121432239,1,0.329164897998003
"930",1.24059294777872,1,0.477899854976839
"931",2.56177620187591,1,0.730589190740571
"932",5.60692043556966,0,-0.373521296201653
"933",2.41736311059271,0,0.647974737871291
"934",4.44305617731044,1,-2.22047490508319
"935",5.15568977080953,0,2.01893810645555
"936",-0.299806406168391,0,1.17488102559431
"937",1.67165704746447,0,-0.58826315305008
"938",-0.546646932339705,1,0.454554366844401
"939",5.56130580142689,1,-0.796403912486651
"940",0.845726332529118,0,1.51435174781594
"941",3.61742200534375,1,0.541622417194212
"942",3.98212706474183,1,-0.572425876649839
"943",1.49196512094282,1,0.476293327377062
"944",0.483552812094233,0,1.66100367629062
"945",1.76916631010926,1,-0.668308306487381
"946",4.71448148603104,0,0.6406438319528
"947",2.19548008534389,0,1.20228921843837
"948",0.286948577590599,0,1.37245075873537
"949",3.68404552339201,0,0.589901772976717
"950",-4.71810953400893,0,0.251125538125321
"951",1.70408613493512,1,0.745842893535675
"952",-1.19839926289462,0,-0.0523695473906539
"953",3.85970628140916,1,1.11223838841564
"954",6.16896796194098,1,-1.76457077483315
"955",-3.27222181443664,1,0.574944346692893
"956",2.32632143137704,1,0.653777903170907
"957",6.89927117384139,0,0.511796510060443
"958",1.03159543111707,1,1.94929382342856
"959",3.87921269649234,0,0.340884505129538
"960",2.12105338483674,0,-0.684899407170686
"961",2.17699115301559,0,-0.0186813135287133
"962",-0.810561674466922,0,1.65009441320537
"963",6.21622923786592,1,0.709553954822449
"964",8.73184436684855,1,-2.02508962170094
"965",3.05413363617687,0,0.0290158040959575
"966",4.28789414547388,0,0.929127933788928
"967",1.51627296621192,1,-1.51230016066453
"968",0.483553712412768,0,1.04105240676994
"969",1.63332422167634,1,-1.59045360504541
"970",2.98586449284725,1,-0.411054998585704
"971",-0.165779734101615,1,1.24729297798909
"972",4.6188377875832,0,0.0755593066428474
"973",4.71109214854098,1,-1.46354794208164
"974",0.766517579846035,0,0.0139152856145966
"975",5.30713140241683,1,-1.03447902422886
"976",-0.849002819262215,1,-0.234816764669486
"977",0.907024232884931,1,0.16706590999554
"978",2.48977035740552,0,0.501680464252349
"979",3.32279618417696,0,0.987957182564936
"980",1.36812788461502,0,-0.106201163795144
"981",5.28885777356429,0,1.27917563897518
"982",1.57986785126794,1,0.0804199079641589
"983",4.58252117476584,1,0.342669916167975
"984",1.88120133524738,0,1.009427831649
"985",3.6975325124253,0,0.628838378828362
"986",1.80449813050523,1,1.08465349527144
"987",1.72751350782394,1,0.400708834655878
"988",-0.482590318152563,1,1.5855219765194
"989",5.16637018904975,0,0.920245739680393
"990",0.649386211278449,0,0.461822420838338
"991",3.2527996834227,0,0.885793729530551
"992",6.0203000825407,1,-0.882904712511076
"993",4.45856442950815,0,0.791486068853412
"994",5.03428403150281,1,0.710861847786034
"995",1.0175230914531,0,-0.0750610672529138
"996",4.55252131172117,1,-0.252991879999478
"997",-0.929957784692879,1,-0.422399876180854
"998",-0.389465925466129,0,-0.690739480432851
"999",0.41617948879814,1,0.148019651780768
"1000",6.53382898814176,0,0.161349806183954
